1 10
2 62
3 123
4 206
5 338
6 540
7 531
8 556
9 997
10 1113
11 1746
12 1646
13 2237
14 2351
15 3066
16 3333
17 3706
18 4422
19 4732
20 5664
21 5369
22 6809
23 7442
24 6982
25 8023
26 8416
27 8369
28 10686
29 8901
30 11984
31 12638
32 13861
33 12566
34 16902
35 13666
36 15737
37 15160
38 19426
39 17417
40 16021
41 20876
42 21470
43 24225
44 21560
45 22213
46 28124
47 26161
48 26977
49 30728
50 30416
51 37530
52 30678
53 36156
54 33987
55 34754
56 38437
57 35312
58 45504
59 38795
60 44849
61 48210
62 44125
63 48396
64 51025
65 57814
66 56923
67 59656
68 53017
69 58612
70 67987
71 53836
72 67558
73 65100
74 67675
75 74445
76 59475
77 69350
78 82456
79 74564
80 74132
81 85487
82 84885
83 87127
84 82400
85 81418
86 98145
87 97836
88 103327
89 82830
90 77286
91 95618
92 127071
93 110866
94 99516
95 100755
96 103923
97 126397
98 106515
99 107641
100 107394