10 0 11 20
20 0 21 40
30 0 33 60
40 0 39 80
50 0 47 98
60 0 59 120
70 0 68 140
80 0 83 160
90 0 83 178
100 0 95 200
110 0 112 218
120 0 126 236
130 0 131 260
140 0 133 278
150 0 143 300
160 0 181 316
170 0 169 330
180 0 164 358
190 0 184 374
200 0 216 400
210 0 211 410
220 0 219 438
230 0 209 460
240 0 221 466
250 0 245 500
260 0 264 520
270 0 246 526
280 0 299 556
290 0 302 566
300 0 296 600
310 0 331 618
320 0 327 616
330 0 270 652
340 0 335 680
350 0 367 692
360 0 355 712
370 0 383 740
380 0 368 742
390 0 393 776
400 0 367 772
410 0 397 814
420 0 435 816
430 0 461 860
440 0 435 876
450 0 486 900
460 0 437 894
470 0 487 936
480 0 421 958
490 0 533 972
500 0 467 998