10 0 10 20
20 0 18 40
30 0 31 60
40 0 40 80
50 0 51 100
60 0 57 120
70 0 74 140
80 0 83 158
90 0 97 178
100 0 95 200
110 0 108 218
120 0 112 240
130 0 142 258
140 0 135 280
150 0 147 300
160 0 158 320
170 0 165 336
180 0 185 358
190 0 165 376
200 0 199 400
210 0 222 414
220 0 225 436
230 0 241 454
240 0 216 462
250 0 243 498
260 0 251 516
270 0 256 540
280 0 282 552
290 0 309 572
300 0 304 598
310 0 306 620
320 0 345 634
330 0 357 652
340 0 356 676
350 0 355 700
360 0 330 720
370 0 372 738
380 0 369 760
390 0 414 766
400 0 419 780
410 0 405 820
420 0 422 840
430 0 402 844
440 0 426 876
450 0 457 896
460 0 440 900
470 0 511 940
480 0 522 956
490 0 495 970
500 0 442 992
510 0 560 1016
520 0 530 1040
530 0 511 1052
540 0 498 1036
550 0 648 1078
560 0 519 1106
570 0 564 1138
580 0 575 1160
590 0 605 1164
600 0 655 1190
610 0 624 1190
620 0 648 1240
630 0 610 1246
640 0 647 1262
650 0 691 1284
660 0 743 1314
670 0 658 1288
680 0 626 1358
690 0 645 1374
700 0 653 1332
710 0 773 1412
720 0 740 1370
730 0 733 1454
740 0 806 1472
750 0 768 1500
760 0 670 1520
770 0 774 1536
780 0 808 1554
790 0 748 1572
800 0 800 1564
810 0 768 1604
820 0 753 1570
830 0 788 1646
840 0 826 1678
850 0 794 1688
860 0 825 1716
870 0 860 1730
880 0 832 1746
890 0 874 1762
900 0 907 1766
910 0 885 1816
920 0 955 1834
930 0 949 1838
940 0 947 1870
950 0 928 1884
960 0 1022 1914
970 0 908 1892
980 0 871 1918
990 0 1015 1956
1000 0 930 1988
1010 0 1072 2006
1020 0 998 2000
1030 0 939 1990
1040 0 1071 2068
1050 0 1021 2092
1060 0 1050 2118
1070 0 1003 2118
1080 0 1083 2156
1090 0 1275 2176
1100 0 1093 2190
1110 0 1167 2178
1120 0 982 2222
1130 0 1102 2260
1140 0 1097 2216
1150 0 1213 2300
1160 0 1090 2306
1170 0 1167 2296
1180 0 1118 2360
1190 0 1299 2326
1200 0 1264 2380
1210 0 1311 2404
1220 0 1326 2394
1230 0 1330 2454
1240 0 1214 2464
1250 0 1165 2484
1260 0 1353 2472
1270 0 1252 2528
1280 0 1291 2550
1290 0 1285 2536
1300 0 1101 2566
1310 0 1441 2612
1320 0 1342 2636
1330 0 1143 2654
1340 0 1371 2680
1350 0 1490 2642
1360 0 1289 2680
1370 0 1405 2740
1380 0 1383 2680
1390 0 1431 2766
1400 0 1326 2760
1410 0 1445 2814
1420 0 1368 2826
1430 0 1479 2814
1440 0 1401 2862
1450 0 1373 2832
1460 0 1474 2906
1470 0 1421 2922
1480 0 1512 2960
1490 0 1533 2936
1500 0 1621 2978
1510 0 1331 3006
1520 0 1435 3016
1530 0 1450 3048
1540 0 1576 3022
1550 0 1559 3034
1560 0 1606 3078
1570 0 1553 3114
1580 0 1515 3080
1590 0 1606 3128
1600 0 1535 3180
1610 0 1572 3214
1620 0 1452 3204
1630 0 1758 3238
1640 0 1831 3268
1650 0 1655 3260
1660 0 1558 3288
1670 0 1669 3302
1680 0 1603 3334
1690 0 1721 3372
1700 0 1423 3270
1710 0 1940 3390